{
  "camera_angle_x": 2.540558081416741,
  "camera_angle_y": 2.225546642846683,
  "fl_x": 198.338,
  "fl_y": 177.476,
  "k1": 0.0555779,
  "k2": -0.00074679,
  "k3": 0,
  "k4": 0,
  "p1": 0.100845,
  "p2": 0.0047935,
  "is_fisheye": false,
  "cx": 654.629,
  "cy": 325.925,
  "w": 1280.0,
  "h": 720.0,
  "aabb_scale": 8,
  "frames": [
    {
      "file_path": "./output/pilot1/0125.png",
      "sharpness": 644.3627999876235,
      "transform_matrix": [
        [
          0.0038518749749040823,
          -0.03096288606961682,
          0.9995131127684896,
          4.510777130913341
        ],
        [
          0.999953640826021,
          -0.008701492901026607,
          -0.004123127253920734,
          0.43977653758854873
        ],
        [
          0.008824920242989713,
          0.9994826579757694,
          0.030927933583999635,
          0.36110030390479514
        ],
        [
          0.0,
          0.0,
          0.0,
          1.0
        ]
      ]
    },
    {
      "file_path": "./output/pilot1/0126.png",
      "sharpness": 666.3916520451255,
      "transform_matrix": [
        [
          0.0033956166358693617,
          -0.030057058526492448,
          0.9995424168380951,
          4.493745889179671
        ],
        [
          0.9999570655439709,
          -0.00851597797151455,
          -0.0036531076924125813,
          0.43583340615274824
        ],
        [
          0.008621882862082177,
          0.9995119065740522,
          0.030026851048363,
          0.3562509866374848
        ],
        [
          0.0,
          0.0,
          0.0,
          1.0
        ]
      ]
    },
    {
      "file_path": "./output/pilot1/0124.png",
      "sharpness": 625.8217780952444,
      "transform_matrix": [
        [
          0.004207055899314744,
          -0.03176301802468679,
          0.999486573916687,
          4.525718739210482
        ],
        [
          0.9999510798375598,
          -0.008813955757488345,
          -0.0044891127456326745,
          0.4423310505225311
        ],
        [
          0.00895201818326753,
          0.9994565648029156,
          0.03172438337186149,
          0.36712517898883934
        ],
        [
          0.0,
          0.0,
          0.0,
          1.0
        ]
      ]
    },
    {
      "file_path": "./output/pilot1/0123.png",
      "sharpness": 612.6896061083369,
      "transform_matrix": [
        [
          0.004628731029180809,
          -0.03250238925588327,
          0.9994609394465601,
          4.539384357319016
        ],
        [
          0.9999479700465969,
          -0.008935070416994394,
          -0.004921554356644704,
          0.441456245015562
        ],
        [
          0.009090216179262225,
          0.9994317181096483,
          0.03245934011643828,
          0.37414022107716827
        ],
        [
          0.0,
          0.0,
          0.0,
          1.0
        ]
      ]
    },
    {
      "file_path": "./output/pilot1/0122.png",
      "sharpness": 604.0175745586806,
      "transform_matrix": [
        [
          0.0049757116181883875,
          -0.033232718522774325,
          0.9994352548785822,
          4.553419054842628
        ],
        [
          0.999945480870342,
          -0.009009972903898336,
          -0.005277846881428934,
          0.44503156384869574
        ],
        [
          0.009180281777519967,
          0.999407027589452,
          0.033186075675459295,
          0.37914725627925916
        ],
        [
          0.0,
          0.0,
          0.0,
          1.0
        ]
      ]
    },
    {
      "file_path": "./output/pilot1/0121.png",
      "sharpness": 604.318143517313,
      "transform_matrix": [
        [
          0.005228783707373,
          -0.0337695665905786,
          0.9994159675878815,
          4.562794577172816
        ],
        [
          0.9999427933886963,
          -0.00914935625643803,
          -0.005540690317691984,
          0.446159256167928
        ],
        [
          0.009331119416142187,
          0.9993877654403482,
          0.03371979474686162,
          0.38207928295920723
        ],
        [
          0.0,
          0.0,
          0.0,
          1.0
        ]
      ]
    },
    {
      "file_path": "./output/pilot1/0120.png",
      "sharpness": 600.3462990178425,
      "transform_matrix": [
        [
          0.005566800569852049,
          -0.0343540380804595,
          0.999394221915148,
          4.574219826657973
        ],
        [
          0.9999407349626931,
          -0.009159521899860874,
          -0.0058847020419936944,
          0.44710789043165494
        ],
        [
          0.009356136544550465,
          0.999367751744529,
          0.03430101285482788,
          0.3855868245399738
        ],
        [
          0.0,
          0.0,
          0.0,
          1.0
        ]
      ]
    },
    {
      "file_path": "./output/pilot1/0119.png",
      "sharpness": 899.1779237520002,
      "transform_matrix": [
        [
          0.0057885641614050685,
          -0.03488267643421085,
          0.9993746501937792,
          4.583480843302978
        ],
        [
          0.999936738407243,
          -0.009436635597005616,
          -0.006121200963014948,
          0.4501870369677455
        ],
        [
          0.00964425825692002,
          0.9993468611174237,
          0.03482584513134678,
          0.39072874615965686
        ],
        [
          0.0,
          0.0,
          0.0,
          1.0
        ]
      ]
    },
    {
      "file_path": "./output/pilot1/0118.png",
      "sharpness": 908.3414820202008,
      "transform_matrix": [
        [
          0.006154300825135179,
          -0.035544522146812675,
          0.9993491439470564,
          4.595399121644357
        ],
        [
          0.9999329734671216,
          -0.009582033946529353,
          -0.006498706866289418,
          0.45275524213997
        ],
        [
          0.009806790864046825,
          0.9993221560432669,
          0.035483169000259884,
          0.39578207503562696
        ],
        [
          0.0,
          0.0,
          0.0,
          1.0
        ]
      ]
    },
    {
      "file_path": "./output/pilot1/0117.png",
      "sharpness": 916.0265911716878,
      "transform_matrix": [
        [
          0.006412469716033641,
          -0.0360828275646112,
          0.999328229253278,
          4.605232330956454
        ],
        [
          0.999929665903972,
          -0.009739481934199254,
          -0.006767993288713031,
          0.4536703242125095
        ],
        [
          0.009977147575682013,
          0.9993013419612062,
          0.03601783557821715,
          0.40040085372888234
        ],
        [
          0.0,
          0.0,
          0.0,
          1.0
        ]
      ]
    },
    {
      "file_path": "./output/pilot1/0116.png",
      "sharpness": 915.9034208758128,
      "transform_matrix": [
        [
          0.006720901901905577,
          -0.03655813429640709,
          0.9993089273537062,
          4.614688903921829
        ],
        [
          0.9999262254251562,
          -0.00986573115379514,
          -0.007085975719387721,
          0.45465708795605503
        ],
        [
          0.010117963275006124,
          0.9992828279139583,
          0.03648913062401633,
          0.4048592819164533
        ],
        [
          0.0,
          0.0,
          0.0,
          1.0
        ]
      ]
    },
    {
      "file_path": "./output/pilot1/0115.png",
      "sharpness": 918.1941705010257,
      "transform_matrix": [
        [
          0.007023795045652035,
          -0.03715816165945565,
          0.9992847128440534,
          4.62533626013301
        ],
        [
          0.9999237142950361,
          -0.009892558676055228,
          -0.007396138888676987,
          0.45279467042193877
        ],
        [
          0.01016030958471036,
          0.9992604306716949,
          0.03708584371807148,
          0.4096408045888403
        ],
        [
          0.0,
          0.0,
          0.0,
          1.0
        ]
      ]
    },
    {
      "file_path": "./output/pilot1/0114.png",
      "sharpness": 917.8974860127767,
      "transform_matrix": [
        [
          0.007201837627863432,
          -0.03754765240563538,
          0.9992688864200352,
          4.632725701581769
        ],
        [
          0.9999216373829666,
          -0.009962396993208661,
          -0.007580880376171882,
          0.45455084799007106
        ],
        [
          0.010239757598991393,
          0.9992451773569108,
          0.03747296250822588,
          0.4092520498555658
        ],
        [
          0.0,
          0.0,
          0.0,
          1.0
        ]
      ]
    },
    {
      "file_path": "./output/pilot1/0113.png",
      "sharpness": 923.7063218447261,
      "transform_matrix": [
        [
          0.007494733965495011,
          -0.03798707318002807,
          0.9992501244671551,
          4.641685182690692
        ],
        [
          0.9999187749961709,
          -0.010017001764803862,
          -0.007880551217244534,
          0.45531149887588995
        ],
        [
          0.010308849333481428,
          0.9992280230051878,
          0.03790891291657071,
          0.41242670552033156
        ],
        [
          0.0,
          0.0,
          0.0,
          1.0
        ]
      ]
    },
    {
      "file_path": "./output/pilot1/0112.png",
      "sharpness": 927.5004283455559,
      "transform_matrix": [
        [
          0.0077666372705040825,
          -0.038536931219365626,
          0.9992269933699063,
          4.652069766337789
        ],
        [
          0.9999148786340621,
          -0.01017726014414993,
          -0.008164487741149066,
          0.45691144613807005
        ],
        [
          0.0104840273602341,
          0.9992053484202129,
          0.03845460781524881,
          0.4194954385210341
        ],
        [
          0.0,
          0.0,
          0.0,
          1.0
        ]
      ]
    },
    {
      "file_path": "./output/pilot1/0111.png",
      "sharpness": 928.7813532877603,
      "transform_matrix": [
        [
          0.007870090817561655,
          -0.03876111677285161,
          0.9992175126101726,
          4.6566238833169
        ],
        [
          0.9999136116434244,
          -0.01021499438346503,
          -0.008271828124779446,
          0.45659330839105083
        ],
        [
          0.010527626574206722,
          0.9991962918893993,
          0.03867737533015003,
          0.419659071152261
        ],
        [
          0.0,
          0.0,
          0.0,
          1.0
        ]
      ]
    },
    {
      "file_path": "./output/pilot1/0110.png",
      "sharpness": 936.3162609229572,
      "transform_matrix": [
        [
          0.008162831822597572,
          -0.039264683942798015,
          0.9991955027772261,
          4.66576000388699
        ],
        [
          0.9999111759931295,
          -0.010207768927915268,
          -0.00856980597297163,
          0.4576256869716336
        ],
        [
          0.010536047533578728,
          0.9991767041170176,
          0.039177871995356495,
          0.42070236947829365
        ],
        [
          0.0,
          0.0,
          0.0,
          1.0
        ]
      ]
    },
    {
      "file_path": "./output/pilot1/0109.png",
      "sharpness": 942.0650552957304,
      "transform_matrix": [
        [
          0.008396912121251956,
          -0.03967336541961999,
          0.9991774196559514,
          4.67312671498438
        ],
        [
          0.9999077610673495,
          -0.010334106578958589,
          -0.008813376095616547,
          0.4593200905726275
        ],
        [
          0.010675262236834146,
          0.9991592617420849,
          0.03958293140598249,
          0.4226622470177895
        ],
        [
          0.0,
          0.0,
          0.0,
          1.0
        ]
      ]
    },
    {
      "file_path": "./output/pilot1/0108.png",
      "sharpness": 946.8574080486113,
      "transform_matrix": [
        [
          0.00852428901894302,
          -0.03991077927840992,
          0.9991668860625076,
          4.677845443597564
        ],
        [
          0.9999047597214722,
          -0.010505480808259237,
          -0.008950215638695217,
          0.45932079683395277
        ],
        [
          0.010853938625806622,
          0.9991480193542693,
          0.03981742640982677,
          0.42773454778845516
        ],
        [
          0.0,
          0.0,
          0.0,
          1.0
        ]
      ]
    },
    {
      "file_path": "./output/pilot1/0107.png",
      "sharpness": 946.8554197217198,
      "transform_matrix": [
        [
          0.008571090758974017,
          -0.04013106751133101,
          0.9991576621507859,
          4.682393045408234
        ],
        [
          0.999904688993465,
          -0.010471272490048783,
          -0.00899807660380179,
          0.46058956307568927
        ],
        [
          0.010823554559086738,
          0.9991395547583806,
          0.04003749235173183,
          0.42747438034286983
        ],
        [
          0.0,
          0.0,
          0.0,
          1.0
        ]
      ]
    },
    {
      "file_path": "./output/pilot1/0106.png",
      "sharpness": 962.9168845703869,
      "transform_matrix": [
        [
          0.008766944127541063,
          -0.04045588916328292,
          0.999142863525839,
          4.687795595450607
        ],
        [
          0.9999032072070795,
          -0.010440462164585322,
          -0.009196356263581352,
          0.46103201395914845
        ],
        [
          0.010803560031415738,
          0.9991267776374734,
          0.04036044237589445,
          0.425749022404015
        ],
        [
          0.0,
          0.0,
          0.0,
          1.0
        ]
      ]
    },
    {
      "file_path": "./output/pilot1/0105.png",
      "sharpness": 969.5844772993199,
      "transform_matrix": [
        [
          0.00899345911914755,
          -0.040834427844785096,
          0.9991254511831291,
          4.694433223595799
        ],
        [
          0.9998996097412919,
          -0.010573417452236177,
          -0.009432564953726076,
          0.46153260667682927
        ],
        [
          0.010949343876425169,
          0.9991099801087284,
          0.040735236868771514,
          0.42725982187099343
        ],
        [
          0.0,
          0.0,
          0.0,
          1.0
        ]
      ]
    },
    {
      "file_path": "./output/pilot1/0104.png",
      "sharpness": 981.0108069586745,
      "transform_matrix": [
        [
          0.009060632972353443,
          -0.041002381988551384,
          0.999117965811901,
          4.6991322894721534
        ],
        [
          0.999896200957632,
          -0.010821870494699463,
          -0.009511804691744927,
          0.46394252458551766
        ],
        [
          0.011202331884996383,
          0.9991004412957138,
          0.04090007298442285,
          0.4347592584314208
        ],
        [
          0.0,
          0.0,
          0.0,
          1.0
        ]
      ]
    },
    {
      "file_path": "./output/pilot1/0102.png",
      "sharpness": 1006.0446183453304,
      "transform_matrix": [
        [
          0.00926760494634631,
          -0.04138682369290662,
          0.9991002163601257,
          4.705957180311752
        ],
        [
          0.9998959131846289,
          -0.010665220402420664,
          -0.009716782909564117,
          0.4611314220013577
        ],
        [
          0.01105777079290718,
          0.9990862745059468,
          0.041283674821036606,
          0.4367623073779154
        ],
        [
          0.0,
          0.0,
          0.0,
          1.0
        ]
      ]
    },
    {
      "file_path": "./output/pilot1/0103.png",
      "sharpness": 989.09676646265,
      "transform_matrix": [
        [
          0.009186722227036221,
          -0.041284098517713995,
          0.9991052133543222,
          4.704941161092295
        ],
        [
          0.9998964646122517,
          -0.010687152247946849,
          -0.00963560233066786,
          0.463849027582
        ],
        [
          0.011075386683011963,
          0.9990902902110879,
          0.04118164425369114,
          0.4411913792464893
        ],
        [
          0.0,
          0.0,
          0.0,
          1.0
        ]
      ]
    },
    {
      "file_path": "./output/pilot1/0101.png",
      "sharpness": 1021.2648342094843,
      "transform_matrix": [
        [
          0.009349083703340637,
          -0.04162177388437902,
          0.9990896969644251,
          4.709279800720989
        ],
        [
          0.9998936267358792,
          -0.010796750078695848,
          -0.009806395893208813,
          0.46331428994414386
        ],
        [
          0.011195081356899943,
          0.9990751013483952,
          0.04151640672037525,
          0.43746305992379253
        ],
        [
          0.0,
          0.0,
          0.0,
          1.0
        ]
      ]
    },
    {
      "file_path": "./output/pilot1/0100.png",
      "sharpness": 1019.0759443141607,
      "transform_matrix": [
        [
          0.00941272498307636,
          -0.04175864984554958,
          0.9990833878007257,
          4.711176306552708
        ],
        [
          0.9998923175662927,
          -0.010856124370586053,
          -0.009874099214043645,
          0.4626334779337561
        ],
        [
          0.011258502566219247,
          0.9990687462505239,
          0.041651967459562685,
          0.44195693351643683
        ],
        [
          0.0,
          0.0,
          0.0,
          1.0
        ]
      ]
    },
    {
      "file_path": "./output/pilot1/0099.png",
      "sharpness": 1016.8484508924968,
      "transform_matrix": [
        [
          0.009417083185148457,
          -0.04175595878877081,
          0.9990834592053972,
          4.711204757482582
        ],
        [
          0.9998923382123645,
          -0.010850494450989701,
          -0.009878195893819733,
          0.4626136277225452
        ],
        [
          0.011253023070881742,
          0.9990689198867463,
          0.041649283258893915,
          0.4419135233241456
        ],
        [
          0.0,
          0.0,
          0.0,
          1.0
        ]
      ]
    },
    {
      "file_path": "./output/pilot1/0098.png",
      "sharpness": 1015.3653733528691,
      "transform_matrix": [
        [
          0.009399047928699505,
          -0.04172711393229348,
          0.9990848341701501,
          4.710701723939964
        ],
        [
          0.9998919333034778,
          -0.01090242983353933,
          -0.009861984487677966,
          0.462681411112189
        ],
        [
          0.011303964452670262,
          0.99906955963758,
          0.04162013216055622,
          0.4416581731858133
        ],
        [
          0.0,
          0.0,
          0.0,
          1.0
        ]
      ]
    },
    {
      "file_path": "./output/pilot1/0097.png",
      "sharpness": 1013.94245427635,
      "transform_matrix": [
        [
          0.009409574391359274,
          -0.0417517120328932,
          0.9990837074339656,
          4.710988333654155
        ],
        [
          0.9998922943514852,
          -0.010861014696584109,
          -0.009871071674669659,
          0.46264995307606743
        ],
        [
          0.011263196971625743,
          0.9990689830586993,
          0.041645017612061686,
          0.44180008626299977
        ],
        [
          0.0,
          0.0,
          0.0,
          1.0
        ]
      ]
    },
    {
      "file_path": "./output/pilot1/0096.png",
      "sharpness": 1010.9106613158988,
      "transform_matrix": [
        [
          0.009402170763986643,
          -0.04174655522214284,
          0.9990839926251944,
          4.710811437030331
        ],
        [
          0.9998920302391933,
          -0.010890940095776298,
          -0.009864851122392188,
          0.46266435047980237
        ],
        [
          0.011292787466524394,
          0.9990688727804261,
          0.04163964937815804,
          0.44167570960211744
        ],
        [
          0.0,
          0.0,
          0.0,
          1.0
        ]
      ]
    },
    {
      "file_path": "./output/pilot1/0095.png",
      "sharpness": 1006.2898560352277,
      "transform_matrix": [
        [
          0.009396987199059738,
          -0.041768292385302025,
          0.9990831328726789,
          4.711270274001102
        ],
        [
          0.9998920011743446,
          -0.010897821690363465,
          -0.009860196228023203,
          0.462618665130498
        ],
        [
          0.011299673394976305,
          0.9990678892054615,
          0.041661374768014084,
          0.4419222477106935
        ],
        [
          0.0,
          0.0,
          0.0,
          1.0
        ]
      ]
    },
    {
      "file_path": "./output/pilot1/0093.png",
      "sharpness": 1001.44607281901,
      "transform_matrix": [
        [
          0.009420030920285559,
          -0.041788903711873056,
          0.9990820539635029,
          4.712100747346066
        ],
        [
          0.9998919947582536,
          -0.010878038412611955,
          -0.009882666562006192,
          0.46255879836260017
        ],
        [
          0.01128103876178554,
          0.9990672428894427,
          0.04168191883316928,
          0.44248516539233995
        ],
        [
          0.0,
          0.0,
          0.0,
          1.0
        ]
      ]
    },
    {
      "file_path": "./output/pilot1/0094.png",
      "sharpness": 1003.6371365419071,
      "transform_matrix": [
        [
          0.009413039168416158,
          -0.04178315571581236,
          0.9990823602686348,
          4.712013072902436
        ],
        [
          0.9998919301702213,
          -0.010889932154547867,
          -0.009876100335917699,
          0.4625574857537143
        ],
        [
          0.011292593758377456,
          0.9990673537274382,
          0.0416761328595249,
          0.442402794098731
        ],
        [
          0.0,
          0.0,
          0.0,
          1.0
        ]
      ]
    },
    {
      "file_path": "./output/pilot1/0092.png",
      "sharpness": 998.353550135972,
      "transform_matrix": [
        [
          0.009375616224701068,
          -0.041738490511559895,
          0.9990845791213572,
          4.711248571907127
        ],
        [
          0.9998924607233922,
          -0.010876088583313357,
          -0.00983756501028123,
          0.46262576145962225
        ],
        [
          0.011276737498644553,
          0.9990693715227106,
          0.04163203195206391,
          0.4419536934280751
        ],
        [
          0.0,
          0.0,
          0.0,
          1.0
        ]
      ]
    },
    {
      "file_path": "./output/pilot1/0091.png",
      "sharpness": 994.507584819227,
      "transform_matrix": [
        [
          0.00937646625575706,
          -0.041747200736072416,
          0.9990842072213586,
          4.711479638804696
        ],
        [
          0.999892222821947,
          -0.010896319871958354,
          -0.009839357352095365,
          0.46260086578749227
        ],
        [
          0.011297106727457002,
          0.9990687871471997,
          0.04164053236516508,
          0.4421074032013545
        ],
        [
          0.0,
          0.0,
          0.0,
          1.0
        ]
      ]
    },
    {
      "file_path": "./output/pilot1/0090.png",
      "sharpness": 991.2305031896469,
      "transform_matrix": [
        [
          0.009366186510940847,
          -0.04175050003175544,
          0.9990841657764428,
          4.71144440362948
        ],
        [
          0.9998924000886589,
          -0.01088955688050325,
          -0.009828824729076263,
          0.46259296125739297
        ],
        [
          0.011289942198855624,
          0.9990687230145254,
          0.0416440140610615,
          0.4420789883661157
        ],
        [
          0.0,
          0.0,
          0.0,
          1.0
        ]
      ]
    },
    {
      "file_path": "./output/pilot1/0089.png",
      "sharpness": 986.4208203895836,
      "transform_matrix": [
        [
          0.009359791100535272,
          -0.04173274777713604,
          0.9990849673983623,
          4.7114251582427755
        ],
        [
          0.9998925302568095,
          -0.010883776693988665,
          -0.009821982548086493,
          0.4626030659035137
        ],
        [
          0.011283716003899841,
          0.9990695276984844,
          0.0416263928933831,
          0.44205869569190714
        ],
        [
          0.0,
          0.0,
          0.0,
          1.0
        ]
      ]
    },
    {
      "file_path": "./output/pilot1/0088.png",
      "sharpness": 981.834813736508,
      "transform_matrix": [
        [
          0.009379587324973352,
          -0.041789781956626026,
          0.9990823977398093,
          4.7116945391861105
        ],
        [
          0.9998927492314041,
          -0.010846520838957124,
          -0.009840885116336878,
          0.462581856617961
        ],
        [
          0.011247816490237688,
          0.999067548826194,
          0.04168356408115671,
          0.4422304257867649
        ],
        [
          0.0,
          0.0,
          0.0,
          1.0
        ]
      ]
    },
    {
      "file_path": "./output/pilot1/0087.png",
      "sharpness": 979.4027552896558,
      "transform_matrix": [
        [
          0.009357710389821682,
          -0.041732776043744146,
          0.999084985708328,
          4.711390890190565
        ],
        [
          0.99989281379654,
          -0.010860458227297583,
          -0.009818928903603552,
          0.46260545531634095
        ],
        [
          0.011260291913791805,
          0.9990697802749416,
          0.04162667384329309,
          0.4420396018890971
        ],
        [
          0.0,
          0.0,
          0.0,
          1.0
        ]
      ]
    },
    {
      "file_path": "./output/pilot1/0086.png",
      "sharpness": 973.3636343143311,
      "transform_matrix": [
        [
          0.009380137147742157,
          -0.0417736617168044,
          0.9990830667275569,
          4.711992193480894
        ],
        [
          0.9998920801037088,
          -0.010905478750002117,
          -0.00984371265216004,
          0.462562218436908
        ],
        [
          0.011306687076106296,
          0.99906758116147,
          0.041666858621398795,
          0.4424297814152549
        ],
        [
          0.0,
          0.0,
          0.0,
          1.0
        ]
      ]
    },
    {
      "file_path": "./output/pilot1/0085.png",
      "sharpness": 970.441194785219,
      "transform_matrix": [
        [
          0.009351001777335402,
          -0.0417413985389247,
          0.999084688313075,
          4.711540927776805
        ],
        [
          0.999892604793009,
          -0.010884739390323266,
          -0.009813324019632029,
          0.46260418942825876
        ],
        [
          0.011284398330108953,
          0.9990691558166764,
          0.0416351324955813,
          0.4421454461954997
        ],
        [
          0.0,
          0.0,
          0.0,
          1.0
        ]
      ]
    },
    {
      "file_path": "./output/pilot1/0084.png",
      "sharpness": 964.1163555942065,
      "transform_matrix": [
        [
          0.009370817338268321,
          -0.0417784877766288,
          0.9990829523865289,
          4.711802407273882
        ],
        [
          0.9998920086938549,
          -0.010919842321023875,
          -0.009835039069530187,
          0.46249568488840237
        ],
        [
          0.011320721365287343,
          0.9990672224683361,
          0.04167164821559366,
          0.4452617645361321
        ],
        [
          0.0,
          0.0,
          0.0,
          1.0
        ]
      ]
    },
    {
      "file_path": "./output/pilot1/0083.png",
      "sharpness": 957.2864094430132,
      "transform_matrix": [
        [
          0.009347776179319292,
          -0.04173015804677208,
          0.999085188058431,
          4.711322070465591
        ],
        [
          0.9998928123037747,
          -0.010869271340965563,
          -0.00980932431067658,
          0.46259965427450284
        ],
        [
          0.011268672655629062,
          0.9990697937870722,
          0.041624081571713316,
          0.44200603556340357
        ],
        [
          0.0,
          0.0,
          0.0,
          1.0
        ]
      ]
    },
    {
      "file_path": "./output/pilot1/0081.png",
      "sharpness": 935.8591782266072,
      "transform_matrix": [
        [
          0.00935773216124734,
          -0.04171037186912997,
          0.9990859210974764,
          4.711617892625681
        ],
        [
          0.9998925732012272,
          -0.010881986092396389,
          -0.009819594460768178,
          0.46258029961548464
        ],
        [
          0.01128161803512474,
          0.9990704816303232,
          0.04160406034634537,
          0.4421758745351875
        ],
        [
          0.0,
          0.0,
          0.0,
          1.0
        ]
      ]
    },
    {
      "file_path": "./output/pilot1/0082.png",
      "sharpness": 947.4613372287326,
      "transform_matrix": [
        [
          0.009377561026213078,
          -0.04175374616880089,
          0.9990839234208262,
          4.712078844223353
        ],
        [
          0.9998924266589586,
          -0.010877259465752463,
          -0.009839732529931427,
          0.46254603938695865
        ],
        [
          0.011278140757590023,
          0.9990687213176221,
          0.041647252414548315,
          0.442478811968963
        ],
        [
          0.0,
          0.0,
          0.0,
          1.0
        ]
      ]
    },
    {
      "file_path": "./output/pilot1/0080.png",
      "sharpness": 927.1417634982646,
      "transform_matrix": [
        [
          0.009372800682994613,
          -0.041731221824024285,
          0.9990849091745426,
          4.711878703835817
        ],
        [
          0.9998925420218548,
          -0.010871412220837599,
          -0.009834470249232674,
          0.4625581445507747
        ],
        [
          0.011271868350808689,
          0.9990697260598173,
          0.04162484189157609,
          0.4423425375797834
        ],
        [
          0.0,
          0.0,
          0.0,
          1.0
        ]
      ]
    },
    {
      "file_path": "./output/pilot1/0078.png",
      "sharpness": 906.527327165758,
      "transform_matrix": [
        [
          0.009381408721330635,
          -0.04176925677995671,
          0.99908323895777,
          4.712147831193772
        ],
        [
          0.9998928845669569,
          -0.010833100234749624,
          -0.009841917059279469,
          0.4628147104132393
        ],
        [
          0.011234258431392849,
          0.9990685527706447,
          0.041663152907049084,
          0.4425091248187568
        ],
        [
          0.0,
          0.0,
          0.0,
          1.0
        ]
      ]
    },
    {
      "file_path": "./output/pilot1/0079.png",
      "sharpness": 917.6043667629616,
      "transform_matrix": [
        [
          0.009377429902615014,
          -0.04174354042142022,
          0.9990843511182597,
          4.712005432191109
        ],
        [
          0.9998929242693553,
          -0.010833307641641364,
          -0.009837654260046904,
          0.46256147623491833
        ],
        [
          0.011234046653925078,
          0.9990696253447487,
          0.04163748211845192,
          0.4423948874034947
        ],
        [
          0.0,
          0.0,
          0.0,
          1.0
        ]
      ]
    },
    {
      "file_path": "./output/pilot1/0077.png",
      "sharpness": 894.115276920223,
      "transform_matrix": [
        [
          0.009315687185595804,
          -0.04167311736715805,
          0.9990878686426934,
          4.710544982874366
        ],
        [
          0.9998939607394722,
          -0.010795644067515972,
          -0.009773502217154987,
          0.46267028151064554
        ],
        [
          0.011193089327103485,
          0.9990729729934301,
          0.04156812953766894,
          0.44117306614806046
        ],
        [
          0.0,
          0.0,
          0.0,
          1.0
        ]
      ]
    },
    {
      "file_path": "./output/pilot1/0076.png",
      "sharpness": 878.0521145295022,
      "transform_matrix": [
        [
          0.009360394061471008,
          -0.0417247190226289,
          0.99908529708597,
          4.711331243040032
        ],
        [
          0.9998926940704358,
          -0.01086881657351095,
          -0.009821872048327688,
          0.4626124235505675
        ],
        [
          0.011268689686876813,
          0.9990700259023942,
          0.04161850530692628,
          0.44163171665319967
        ],
        [
          0.0,
          0.0,
          0.0,
          1.0
        ]
      ]
    },
    {
      "file_path": "./output/pilot1/0075.png",
      "sharpness": 867.5332692067419,
      "transform_matrix": [
        [
          0.009373094014147173,
          -0.04175981132684141,
          0.9990837118452225,
          4.71195911013142
        ],
        [
          0.9998924677611759,
          -0.01087745508621621,
          -0.009835338580748199,
          0.4625614689393233
        ],
        [
          0.011278210086489571,
          0.9990684656902331,
          0.04165336539184212,
          0.4419936424552004
        ],
        [
          0.0,
          0.0,
          0.0,
          1.0
        ]
      ]
    },
    {
      "file_path": "./output/pilot1/0074.png",
      "sharpness": 856.3953293143272,
      "transform_matrix": [
        [
          0.009400248468592323,
          -0.04178992256343125,
          0.999082197673831,
          4.71235578868526
        ],
        [
          0.9998921837268886,
          -0.010878605655865006,
          -0.009862903252377929,
          0.4625342618603569
        ],
        [
          0.011280791209501284,
          0.9990671940960636,
          0.04168315533372054,
          0.4422363949155837
        ],
        [
          0.0,
          0.0,
          0.0,
          1.0
        ]
      ]
    },
    {
      "file_path": "./output/pilot1/0073.png",
      "sharpness": 840.3630284941452,
      "transform_matrix": [
        [
          0.009406429402593617,
          -0.04178579890339845,
          0.9990823119762414,
          4.712466508532334
        ],
        [
          0.9998915633713801,
          -0.010928072125153041,
          -0.009871106221315793,
          0.4625069562903663
        ],
        [
          0.011330515623807672,
          0.9990668267225421,
          0.04167847365345844,
          0.44231636207101516
        ],
        [
          0.0,
          0.0,
          0.0,
          1.0
        ]
      ]
    },
    {
      "file_path": "./output/pilot1/0072.png",
      "sharpness": 822.5776342917363,
      "transform_matrix": [
        [
          0.009434288686613291,
          -0.04182736351175715,
          0.9990803100184477,
          4.712217166238675
        ],
        [
          0.9998918541887378,
          -0.010877607251244918,
          -0.009897352536464536,
          0.46074985504439714
        ],
        [
          0.011281583387213611,
          0.9990656381489721,
          0.04172021757070452,
          0.44178647276866256
        ],
        [
          0.0,
          0.0,
          0.0,
          1.0
        ]
      ]
    },
    {
      "file_path": "./output/pilot1/0070.png",
      "sharpness": 789.5109348944723,
      "transform_matrix": [
        [
          0.009424791955644836,
          -0.04179194463944735,
          0.9990818818634285,
          4.711900465297189
        ],
        [
          0.99989253171683,
          -0.010826164255358296,
          -0.009885301421217099,
          0.4608173117158935
        ],
        [
          0.011229350527384552,
          0.999067679158256,
          0.04168541898524438,
          0.44187764154720444
        ],
        [
          0.0,
          0.0,
          0.0,
          1.0
        ]
      ]
    },
    {
      "file_path": "./output/pilot1/0071.png",
      "sharpness": 808.2169702594887,
      "transform_matrix": [
        [
          0.009425434680613042,
          -0.04177965015002514,
          0.999082390007121,
          4.711672539380435
        ],
        [
          0.9998923018481348,
          -0.010846153732797468,
          -0.009886640167000674,
          0.46061854410951036
        ],
        [
          0.011249261561126699,
          0.9990679765613678,
          0.041672920845503655,
          0.44151239521203933
        ],
        [
          0.0,
          0.0,
          0.0,
          1.0
        ]
      ]
    },
    {
      "file_path": "./output/pilot1/0069.png",
      "sharpness": 766.3017380212809,
      "transform_matrix": [
        [
          0.009421388407677471,
          -0.04178948958040248,
          0.9990820166577935,
          4.71232455633808
        ],
        [
          0.9998926437211056,
          -0.010819216955091988,
          -0.009881577640402863,
          0.460920659623746
        ],
        [
          0.011222231180032322,
          0.99906785711131,
          0.04168307117122448,
          0.4414052709713976
        ],
        [
          0.0,
          0.0,
          0.0,
          1.0
        ]
      ]
    },
    {
      "file_path": "./output/pilot1/0068.png",
      "sharpness": 751.2308664540318,
      "transform_matrix": [
        [
          0.009370801936416111,
          -0.041743268462949366,
          0.9990844246693947,
          4.711587246254924
        ],
        [
          0.9998926677301717,
          -0.010861891315431265,
          -0.009832209120312376,
          0.4626630268418469
        ],
        [
          0.011262374980650533,
          0.9990693263547489,
          0.04163700343118243,
          0.4421341451279487
        ],
        [
          0.0,
          0.0,
          0.0,
          1.0
        ]
      ]
    },
    {
      "file_path": "./output/pilot1/0065.png",
      "sharpness": 697.5467480381989,
      "transform_matrix": [
        [
          0.009359073992359218,
          -0.0416759809974489,
          0.9990873437041287,
          4.711187836551488
        ],
        [
          0.9998935159517424,
          -0.01079734860729167,
          -0.009817027067233258,
          0.4624811802354504
        ],
        [
          0.011196628572683021,
          0.9990728351220562,
          0.041570489985883974,
          0.43923927919828937
        ],
        [
          0.0,
          0.0,
          0.0,
          1.0
        ]
      ]
    },
    {
      "file_path": "./output/pilot1/0066.png",
      "sharpness": 709.8531757425083,
      "transform_matrix": [
        [
          0.009378949986027929,
          -0.041719088781293816,
          0.9990853581833252,
          4.711726960747908
        ],
        [
          0.9998930692031255,
          -0.010819318974450135,
          -0.009838317753131338,
          0.4625222451780769
        ],
        [
          0.011219868824748918,
          0.9990707982801121,
          0.04161315387448225,
          0.43935764777999353
        ],
        [
          0.0,
          0.0,
          0.0,
          1.0
        ]
      ]
    },
    {
      "file_path": "./output/pilot1/0067.png",
      "sharpness": 726.9346949628617,
      "transform_matrix": [
        [
          0.009416002490113248,
          -0.04179068552096758,
          0.999082017408337,
          4.71266644796719
        ],
        [
          0.9998926106039396,
